8.854373591020703316e-04
9.446811745874583721e-04
9.335481445305049419e-04
9.961772011592984200e-04
9.463964379392564297e-04
8.672926924191415310e-04
8.939122199080884457e-04
9.136259905062615871e-04
8.547364268451929092e-04
8.351758006028831005e-04
8.172129746526479721e-04
7.800165913067758083e-04
7.824815111234784126e-04
8.186186314560472965e-04
8.438889635726809502e-04
8.485050639137625694e-04
8.490295731462538242e-04
8.559715934097766876e-04
8.436301141045987606e-04
8.265662472695112228e-04
8.579374407418072224e-04
8.567410986870527267e-04
8.684868807904422283e-04
8.396274643018841743e-04
8.421626407653093338e-04
8.385308901779353619e-04
8.331675780937075615e-04
8.210251107811927795e-04
8.084657019935548306e-04
8.379023056477308273e-04
8.568480261601507664e-04
8.759750053286552429e-04
8.711834088899195194e-04
8.419388323090970516e-04
8.594839018769562244e-04
8.382213418371975422e-04
8.590593934059143066e-04
8.558802655898034573e-04
7.988997385837137699e-04
8.229672093875706196e-04
8.378632483072578907e-04
8.482104749418795109e-04
8.273460553027689457e-04
8.103607688099145889e-04
8.320897468365728855e-04
7.993349572643637657e-04
8.268763194791972637e-04
8.322875364683568478e-04
8.438085787929594517e-04
8.186111808754503727e-04
8.229013183154165745e-04
8.445365238003432751e-04
8.482682751491665840e-04
8.557742694392800331e-04
8.614853140898048878e-04
9.060183074325323105e-04
8.672947878949344158e-04
8.643071632832288742e-04
8.594585233367979527e-04
8.319779299199581146e-04
8.271591505035758018e-04
8.428876753896474838e-04
8.551747305318713188e-04
8.361802902072668076e-04
8.752191206440329552e-04
7.816528086550533772e-04
7.914052112028002739e-04
8.061032276600599289e-04
8.136522956192493439e-04
8.651632815599441528e-04
8.349529816769063473e-04
8.205054327845573425e-04
8.223514887504279613e-04
8.222825126722455025e-04
8.136565447784960270e-04
8.452881011180579662e-04
7.842832128517329693e-04
7.942175143398344517e-04
8.960983250290155411e-04
9.108771337196230888e-04
8.201262680813670158e-04
8.770725107751786709e-04
8.604048634879291058e-04
8.274966385215520859e-04
8.215944399125874043e-04
7.749293581582605839e-04
7.849098183214664459e-04
7.569856243208050728e-04
7.518238271586596966e-04
7.328402134589850903e-04
7.459806511178612709e-04
8.082626736722886562e-04
7.930365973152220249e-04
7.892693392932415009e-04
7.863992941565811634e-04
8.137569529935717583e-04
7.452725549228489399e-04
8.243132033385336399e-04
8.129943162202835083e-04
7.640495314262807369e-04
